time,x,y,z,phi,theta,psi,x_velocity,y_velocity,z_velocity,phi_velocity,theta_velocity,psi_velocity,rotor_speed1,rotor_speed2,rotor_speed3,rotor_speed4
0.06,1.13293517342e-07,5.98697845252e-07,10.0096456821,0.000394146220556,6.28302029311,0.0,1.4006840649e-05,4.98604651533e-05,0.32148775956,0.0172330616098,-0.00891318871422,0.0,503.350675206427,502.7053992631142,500.92262348124086,502.17392899113764
0.12000000000000001,6.80939749031e-06,1.6735966515e-05,10.033882239,0.00115845656493,6.28260030957,0.0,0.000262185282899,0.000590602884694,0.48634108944,0.00175245844951,-0.00342379755364,0.0,457.2262291342583,457.6633923878806,457.46594608877996,456.2316977487056
0.18,3.51173582235e-05,7.60125982483e-05,10.0655334482,0.00080565705351,6.28234178997,0.0,0.000704384330252,0.00138079494157,0.568661331949,-0.0290536136744,-0.00613995788017,0.0,431.14405165113106,430.91462037929597,433.29988808738034,430.7027288941149
0.23999999999999996,0.000101915504607,0.000172495162955,10.1087799662,6.28270009648,6.28179317744,0.0,0.00158161224414,0.00163879126548,0.872707418421,-0.0095933259891,-0.0159533402954,0.0,498.5711922209176,497.85392055973165,496.7263135430074,498.151152742019
0.3,0.000232562913651,0.000257238052673,10.1662727954,6.28193725006,6.28084964615,0.0,0.00287998617496,0.00111175614987,1.04357938108,-0.0198285158318,-0.0152737533519,0.0,459.8123487615326,459.8662813281529,459.81487673054437,459.0035446642826
0.36000000000000004,0.000461120034488,0.000291002571411,10.2336479721,6.28038243989,6.28027245832,0.0,0.00481875446171,-0.000133250546054,1.20210594121,-0.0422829042366,-0.000204269229597,0.0,455.2741510071561,456.4782445579112,457.4035144990688,455.6117927893254
0.4200000000000001,0.000818249014963,0.000206806464468,10.311426498,6.27792837769,6.27992015967,0.0,0.00710186562327,-0.00295955544613,1.39030067024,-0.0382720782341,-0.0207113421925,0.0,466.06346047296347,464.4581502566169,465.5303929650779,465.84329328008886
0.48000000000000015,0.00132399436477,-0.000100042644378,10.399996965,6.27591711943,6.27877412354,0.0,0.00988980902479,-0.00750842449999,1.56182776417,-0.0254010673155,-0.0160596741352,0.0,460.94153363923493,461.30901646236305,460.2243043505867,461.2413824838004
0.5400000000000001,0.0020337852655,-0.000744536680085,10.5017498666,6.27445492541,6.27868058509,0.0,0.0138230085456,-0.0141610087838,1.82954502932,-0.0223836761421,0.0178570977409,0.0,487.49090258835315,490.0185169168951,490.20740731046914,490.4315328070692
0.6000000000000002,0.00297221149464,-0.00182220186013,10.6192604259,6.27313955516,6.28000751853,0.0,0.0173043378253,-0.021923783085,2.08703932431,-0.0210168174181,0.0295017573949,0.0,487.33562750821574,488.2051626293828,487.04200542887696,487.14424834634167
0.6600000000000003,0.00406638517137,-0.00333890460522,10.7464647796,6.27240020025,6.28185173615,0.0,0.0189924222887,-0.0287247806841,2.15298321774,0.00101896359725,0.0330990873179,0.0,430.3555765411228,430.6602955080946,429.0662148211895,430.93292583344686
0.7200000000000003,0.00522894310411,-0.00531930443826,10.8818237233,6.27235406399,0.000661337095346,0.0,0.0195249980595,-0.0372830527072,2.3585808688,-0.00460901721605,0.0335455116696,0.0,473.8083078808941,473.8429859112664,473.47161118133164,473.038461335783
0.7800000000000004,0.00637975925398,-0.00777304645445,11.0256063579,6.27163374878,0.00274906431462,0.0,0.0186339003147,-0.0445485980452,2.43401518347,-0.0339913428457,0.0371844574076,0.0,433.5841483072982,433.89029681903384,436.4234198456644,433.96415094691804
0.8400000000000004,0.00743093838909,-0.0106951451904,11.1748808273,6.26965964147,0.00556909825922,0.0,0.0161405613514,-0.0530587269141,2.54156396043,-0.0308075765308,0.0616426710266,0.0,444.6635002325357,446.66379982994414,444.1757424801742,444.4363391281697
0.9000000000000005,0.00827456159234,-0.0141553161004,11.3296781779,6.2680265809,0.00912720259856,0.0,0.0116232436445,-0.0624486024649,2.61817038606,-0.0208630137608,0.0541548182359,0.0,436.1611289946635,435.537862893155,435.150244522573,435.98169278511665
0.9600000000000005,0.00877175560632,-0.0182189117969,11.4896791394,6.26665567325,0.0123940427323,0.0,0.00462127608573,-0.0731338976473,2.71496440975,-0.0271480671529,0.0550258201785,0.0,442.57286921981046,442.646541642528,442.6464002504082,442.12884078906336
1.0200000000000005,0.0087274640614,-0.0230227284565,11.6596427962,6.2653450795,0.0155863730552,0.0,-0.00648645732193,-0.0871607601277,2.9499064928,-0.0129212065774,0.0492923714639,0.0,484.8454705929428,484.41612720984915,483.89049111715343,484.96027424673326
1.0800000000000005,0.00796663729312,-0.0286667106061,11.8420097023,6.2644749059,0.0182392023712,0.0,-0.0191885435819,-0.101056731831,3.12851146504,-0.0178702677239,0.0313891293798,0.0,469.9224652189776,468.5335755414123,469.4392088150109,469.0551413350215
1.1400000000000006,0.0064510901818,-0.0351004514704,12.0316536594,6.26364410278,0.019890800254,0.0,-0.0314985963113,-0.113489032212,3.19277033161,-0.00681784514462,0.0183961088821,0.0,436.08449997313875,434.9979956868043,433.9114248318896,434.83840090827425
1.2000000000000006,0.00409274553063,-0.0423665611107,12.228832658,6.2630725725,0.0204395424717,0.0,-0.0472150744319,-0.12875984778,3.3793258852,-0.0155807957764,-0.0251796244203,0.0,474.6280747246719,471.27180572682613,473.265331027177,472.59048965698145
1.2600000000000007,0.000859166124188,-0.0504941154389,12.433803678,6.26307037353,0.018588367543,0.0,-0.0604049271181,-0.1421899271,3.45282312486,0.0203149299605,-0.0457089767951,0.0,441.29633521165977,439.59799099539305,436.9772205266229,439.9594710460599
1.3200000000000007,-0.00318678665994,-0.0594892538809,12.6466113552,6.26412298244,0.0161040258245,0.0,-0.0741507637969,-0.157505862275,3.64019549604,0.011327865354,-0.0339529814191,0.0,474.8177516315877,475.7179882635931,474.46783756250204,473.77725240073966
1.3800000000000008,-0.00793416578666,-0.0692988249348,12.8663189125,6.26489761874,0.0142427208685,0.0,-0.0839112883992,-0.169409585764,3.68325514472,0.0159016812418,-0.0257245368508,0.0,431.89854446927404,432.591650893435,430.37967203876536,430.76653093904946
1.4400000000000008,-0.0132123606516,-0.0797791399195,13.0870765488,6.26612184849,0.0130077715044,0.0,-0.0919109148899,-0.179840577152,3.67536107762,0.0281559932435,-0.0118934630047,0.0,415.12093058458356,416.33287538181014,413.50935178620404,414.58754268611443
1.5000000000000009,-0.0190443894214,-0.0909816115742,13.3145203196,6.26807914968,0.0127990813108,0.0,-0.102429184134,-0.193340918415,3.90534546801,0.0403187767481,0.00952888165299,0.0,488.01760673514417,489.61412508437553,487.53296371353014,488.4412053164432
1.560000000000001,-0.0254890668741,-0.102922368266,13.554336611,6.27028383477,0.0130106697952,0.0,-0.112434696685,-0.204410738868,4.08789952381,0.0284183198269,-0.0125366609272,0.0,477.17289113494763,475.4853317250478,476.4402716875013,475.5300016982381
1.620000000000001,-0.0325138910564,-0.115460378631,13.8035959605,6.27159066651,0.0122164632764,0.0,-0.121637718747,-0.213351384031,4.22026948071,0.00321144484178,-0.0146750801654,0.0,463.4001021266863,463.23208857190747,462.6594068191433,460.6703660291858
1.680000000000001,-0.0400541559474,-0.128494471394,14.0592157028,6.27179255295,0.0110037864454,0.0,-0.129600876048,-0.221095935872,4.30009267912,0.00366970168696,-0.0345861687495,0.0,447.93617946107116,446.3138728635934,447.5232710994167,447.5605069115431
1.740000000000001,-0.0480528580936,-0.141998211345,14.3204230959,6.27207029308,0.00954256700956,0.0,-0.136842256037,-0.228999029722,4.40641868378,0.00648180579374,-0.00924318413484,0.0,455.1078388179263,457.13179934683933,456.07319263930935,456.29767691385814
1.8000000000000012,-0.0564386928332,-0.155942851629,14.5856808786,6.27342418791,0.00895742309408,0.0,-0.142632715936,-0.235731802294,4.43539716327,0.0433822499814,-0.0107907917814,0.0,432.8285723876134,432.69841316314563,431.0059460952192,434.113822183799
1.8600000000000012,-0.0651705563117,-0.170270162575,14.8537342049,6.27578228505,0.00863760608522,0.0,-0.148382474135,-0.241602949496,4.49946778503,0.0295477318754,0.00381370360802,0.0,443.3168443273741,444.5154651648141,444.8335102823162,443.69981398752935
1.9200000000000013,-0.0742075698954,-0.184876893509,15.1214214783,6.27760268659,0.00899959178015,0.0,-0.152876781649,-0.245154605431,4.42373993452,0.0318790370545,0.0101386479222,0.0,397.6826664120475,398.26158355899156,398.3402509001332,398.55382784273615
1.9800000000000013,-0.0835724304823,-0.199698276044,15.3902296201,6.2793962556,0.00923351023724,0.0,-0.159329771265,-0.248697550346,4.53609389002,0.0255916607524,-0.0130715437943,0.0,459.00162113955804,457.1557235989549,460.058151712504,459.5602550113655
2.0400000000000014,-0.0933043234443,-0.214688077036,15.6635647995,6.28119125367,0.00884559490384,0.0,-0.165013499976,-0.250807038399,4.57492659726,0.0374027278049,0.00424793726249,0.0,436.44053010060526,437.8839382814374,436.14945482716627,437.1351973788339
2.1000000000000014,-0.103355387925,-0.229765054427,15.9372302034,0.0006833435675,0.00904210845252,0.0,-0.170042019241,-0.251553257851,4.54736598604,0.0561361471168,0.00125503614501,0.0,416.07832638503766,415.81612410356104,414.1127583870472,415.75880958367503
2.1600000000000015,-0.113766203897,-0.244830999735,16.215347556,0.00403523368853,0.00881883984246,0.0,-0.176973631138,-0.250267556307,4.7225083569,0.0553168363483,-0.0162185543785,0.0,479.7870482462901,478.4585063915548,478.19436064623306,478.1338117265951
2.2200000000000015,-0.124574289587,-0.259748806049,16.50283283,0.00724024697168,0.0083392737417,0.0,-0.183217312481,-0.246645897593,4.85976355923,0.0493186887662,0.00478335418883,0.0,469.040164901579,470.66866569706986,468.09782637629894,467.63249019746263
2.2800000000000016,-0.13570112032,-0.274427436933,16.7926105397,0.0100177699557,0.00837519315416,0.0,-0.187693412167,-0.242415514015,4.7997488159,0.0394252197412,-0.00946260597399,0.0,407.12441827384106,405.84757946399253,408.030372454985,407.1475026310775
2.3400000000000016,-0.147110951612,-0.288789663774,17.0807462863,0.012088361731,0.00785841903444,0.0,-0.192586952965,-0.236128898904,4.80475597646,0.0222125840738,-0.00696543554841,0.0,426.78336178695577,426.9965931357686,430.36027835883596,428.90120595611745
2.4000000000000017,-0.158829271153,-0.302703874093,17.3722171009,0.0132599932508,0.00727578020009,0.0,-0.197969915901,-0.227554122273,4.91048989996,0.0135283878747,-0.0158604636232,0.0,461.0804395508947,460.3772076152964,459.7164297775005,459.0276676108012
2.4600000000000017,-0.170852085414,-0.316089525514,17.6694048627,0.0137711133722,0.00630190586701,0.0,-0.202692546092,-0.21857010418,4.99540236861,-0.00408691347112,-0.0169832582391,0.0,454.80494563431404,454.71509463174715,455.14152044336964,453.7292341928194
2.520000000000002,-0.183135437753,-0.328936231105,17.9711882676,0.0136987908934,0.00532987329226,0.0,-0.206654487887,-0.209671452771,5.06374495405,0.00401158671138,-0.0146794192935,0.0,449.57695500011334,449.76370372004294,450.46140098132105,451.1159301916957
2.580000000000002,-0.195637813917,-0.341249098706,18.2770020065,0.014395485437,0.00470649590547,0.0,-0.210018562851,-0.200712367904,5.12975276678,0.0236105670743,-0.00295546503576,0.0,449.44898165833564,450.3984274664423,449.53801348394916,451.1234818427496
2.640000000000002,-0.208339052572,-0.352987501039,18.5881000189,0.015797406214,0.00507452405183,0.0,-0.213368245417,-0.19042911193,5.23968243243,0.0228703941986,0.0199434401045,0.0,463.2407452047461,465.03809917835196,464.26721400003777,464.2091537927868
2.700000000000002,-0.221231103157,-0.364147730933,18.9015529612,0.0168246532683,0.00611484857756,0.0,-0.21646026444,-0.181473817161,5.20888758678,0.00198849680312,0.0115414072577,0.0,422.129817670392,421.40397692829725,420.51259466214054,418.6994398817359
2.760000000000002,-0.234325249896,-0.374755263946,19.2132751914,0.0168476984052,0.00672168104504,0.0,-0.220066290014,-0.172101477875,5.18197414041,-0.00303534063701,0.00709397499316,0.0,421.147390579905,420.7623549382041,422.6070173729946,422.1736831976531
2.820000000000002,-0.247650446591,-0.384787661189,19.5241589736,0.0167103135316,0.00707086170439,0.0,-0.224140944687,-0.162324482302,5.18082241408,-0.000838668771821,0.00314074244838,0.0,429.51827007380183,429.1827205863127,430.3267231851063,430.51270712160795
2.880000000000002,-0.261233724791,-0.394216521243,19.8360997974,0.0164199925052,0.00742006721233,0.0,-0.228659346515,-0.151986938662,5.21703912346,-0.0143634651861,0.0107025067115,0.0,441.3293067077121,441.9530085178216,442.68947975763706,441.57509416227816
2.940000000000002,-0.275102244415,-0.403019891467,20.15102194,0.0156064687487,0.00809769026707,0.0,-0.233686228152,-0.141542974841,5.28007491756,-0.0119960053586,0.0124506657394,0.0,450.1769215278427,450.31824950262876,450.965500217351,451.156838568419
3.000000000000002,-0.289270569722,-0.411241697472,20.467797739,0.0145494186582,0.00929474527026,0.0,-0.238678625305,-0.132590372057,5.27912058133,-0.0322923112209,0.0318230317736,0.0,430.9555202552402,432.59014866123664,430.9470289965754,429.227722916747
3.0600000000000023,-0.303817856529,-0.418867647773,20.7902292928,0.0123336378471,0.0109645469238,0.0,-0.246429672957,-0.121855358824,5.46771189739,-0.0483508881774,0.0183275764872,0.0,488.8852314124254,487.8786374492777,489.60021646150165,488.4032734055848
3.1200000000000023,-0.318825765749,-0.425947380637,21.1203880569,0.0093049999178,0.0121603655461,0.0,-0.253942229189,-0.114426614313,5.53724330162,-0.055109135921,0.0229569361479,0.0,454.68717692167337,455.05792195698155,455.6023078481337,455.0599967490543
3.1800000000000024,-0.334278645013,-0.432663987547,21.4522197302,0.00607528329529,0.0141677897014,0.0,-0.261303339035,-0.109736744787,5.52387291045,-0.0513841522879,0.0488618588338,0.0,428.9950289503145,431.1899094328099,428.83395762051094,429.14828038683106
3.2400000000000024,-0.350306937715,-0.439118185448,21.7897083539,0.00319675879677,0.0169365077165,0.0,-0.273291696721,-0.105754908877,5.72475449956,-0.0419082641003,0.040069820025,0.0,494.94955983630456,494.30298625561426,493.9064159559163,494.60372144704667
3.3000000000000025,-0.36710454658,-0.445401256734,22.1384524804,0.000205146429325,0.0197373236245,0.0,-0.286909413645,-0.103983097095,5.89915567566,-0.074737097254,0.0573959716772,0.0,487.52347147819034,488.8175808383262,490.6510099438911,488.2056467299833
3.3600000000000025,-0.384654175639,-0.451650957236,22.4911213926,6.27879046966,0.022698065564,0.0,-0.298348807854,-0.104706747405,5.85668140626,-0.0808321774654,0.0239055947918,0.0,425.4490144384723,422.5727000220382,424.21662294309067,423.6878306252467
3.4200000000000026,-0.402926320331,-0.458018431017,22.8409686806,6.27438410109,0.0243866162297,0.0,-0.310854122052,-0.107909031796,5.80514891324,-0.0617088806568,0.0354957135183,0.0,420.6724647101037,421.6753487734015,419.0287797322888,420.68356054230674
3.4800000000000026,-0.422053730067,-0.464674760668,23.1907847689,6.27084379237,0.0261849206697,0.0,-0.326908805405,-0.114307789888,5.85511909034,-0.0540843195645,0.0156407775012,0.0,454.10520748678476,452.50966222949774,451.5827239458065,452.19506235283825
3.5400000000000027,-0.442234847924,-0.471810535453,23.5458722106,6.2678074442,0.0272178469875,0.0,-0.345882939772,-0.123873793573,5.98046882443,-0.0444280758983,0.0201919862623,0.0,476.2860405988057,476.63395495719647,475.0132533424541,475.7518363044422
3.6000000000000028,-0.463481997518,-0.479527351742,23.9049952947,6.2656996024,0.0283075859018,0.0,-0.362456843578,-0.133559958783,5.99023847018,-0.0210816727247,0.0137583251363,0.0,441.739428748111,441.2084059870299,441.40799586686154,443.330182547214
3.660000000000003,-0.485700081959,-0.487832853822,24.2632300901,6.2646392067,0.0290204477854,0.0,-0.378215527935,-0.143387742295,5.95111857347,-0.0116052252597,0.00783401556803,0.0,426.6564260005277,426.1500976082313,425.67660906826814,426.48699833891993
3.720000000000003,-0.508863723721,-0.496736695294,24.6187294676,6.26356484148,0.0299209626621,0.0,-0.393971527569,-0.153478757169,5.89912384648,-0.03511079161,0.0264647578324,0.0,421.1399477247997,422.7486404832588,422.1631606575933,420.12957902672224
3.780000000000003,-0.533103477183,-0.506342474728,24.9748517117,6.26126900891,0.0311475340226,0.0,-0.414151247647,-0.16692061347,5.97122771684,-0.0454610786335,0.00430976183601,0.0,462.27651551086797,460.5270705096423,460.0022327353211,459.1810432490816
3.840000000000003,-0.558477399372,-0.516733155354,25.3322049728,6.25821370032,0.0316913374958,0.0,-0.431686793177,-0.179675273142,5.94069526602,-0.0650294389434,0.0171885862922,0.0,428.6436131688618,429.73681541771333,429.4666376642025,427.80140280951997
3.900000000000003,-0.584955358613,-0.527976154412,25.688983628,6.25433653014,0.0329542134835,0.0,-0.451013717996,-0.195435035752,5.95184855346,-0.0638123656923,0.0278234783462,0.0,441.64179107830466,442.5182680454533,441.9619488986981,442.0591806840093
3.960000000000003,-0.612651321438,-0.540262810141,26.0474244497,6.25120387519,0.0349832039232,0.0,-0.472353212661,-0.214432777024,5.99592306302,-0.0356327506297,0.0436999387278,0.0,451.5269326325108,452.806626778233,451.7960038166911,454.06082230309005
4.020000000000002,-0.641617149258,-0.553696185789,26.4070383877,6.24897781742,0.0372854077538,0.0,-0.493391195176,-0.233535262668,5.99120803142,-0.0402113589904,0.0247073586211,0.0,438.9180234615141,437.3393198137024,437.44262462154717,437.0604367002258
4.080000000000001,-0.672024668157,-0.568446916926,26.7701579607,6.24657957345,0.0387428163177,0.0,-0.520324176731,-0.258385639494,6.11211091916,-0.0394938931638,0.0234424770086,0.0,476.31792008819366,476.22119443258083,476.3179210439321,476.37209866627944
4.14,-0.703982973241,-0.584648253535,27.1380621283,6.24395128046,0.0401812907841,0.0,-0.545077954829,-0.281881161394,6.15112521837,-0.0542346707311,0.0250179614201,0.0,453.20034496733507,453.327041962077,453.101611139302,451.91363430791387
4.199999999999998,-0.737551657607,-0.602406996444,27.5106936412,6.2402910867,0.0421597522882,0.0,-0.574038821484,-0.310406212405,6.26924543566,-0.0801132316635,0.0454169837536,0.0,476.3616964473272,477.9196555664202,478.40648545066745,476.42897278591903
4.259999999999997,-0.772767886858,-0.621820534941,27.8872093445,6.23584175057,0.0449126893173,0.0,-0.600076779392,-0.337117366663,6.28116518077,-0.0643238920522,0.0467967311206,0.0,445.7973088679242,445.91128612830084,446.1729142342348,447.4560596846365
4.319999999999996,-0.809536652313,-0.642850679064,28.2631207563,6.23215805465,0.0475449612145,0.0,-0.625782364245,-0.364205205375,6.24934520759,-0.0561027364942,0.0372648771601,0.0,431.56578637355904,430.7614332141367,433.6303307836757,434.3177374844876
4.379999999999995,-0.848224240075,-0.665924681997,28.6440551154,6.22838780297,0.0501746084158,0.0,-0.664037834356,-0.405278289293,6.44730714965,-0.0818033452431,0.0544797867849,0.0,501.9423619079595,503.191155664904,501.47593130754865,499.60262382912725
4.439999999999993,-0.889088638322,-0.691355570667,29.0332245179,6.22395733468,0.0531250395934,0.0,-0.698396197227,-0.442847905425,6.52449677522,-0.0613952397321,0.0355938162948,0.0,470.37159152596473,468.90772465637315,467.1128062317103,468.6978062531402
4.499999999999992,-0.931961205783,-0.719003819507,29.4249946926,6.22014662187,0.05496220583,0.0,-0.730866138548,-0.479086844944,6.53439451449,-0.0681198874446,0.0181315652445,0.0,450.53754768632245,449.12342425493773,448.730400768472,448.1811339599924
4.559999999999991,-0.976779956467,-0.748858655463,29.8167695508,6.21558505548,0.0560639464577,0.0,-0.763191652412,-0.516439369254,6.52476549198,-0.100636348142,0.0188199207722,0.0,442.6918542213232,442.7484463117329,445.0428005134589,442.36756827740885
4.6199999999999894,-1.02340161836,-0.780848953048,30.2051797358,6.2091925205,0.0575262107844,0.0,-0.790993987198,-0.550387278167,6.42275628363,-0.122225673338,0.0336415167437,0.0,413.11453719338243,414.4198676539185,412.78985012759875,410.86845092920663
4.679999999999988,-1.07173333727,-0.814995371403,30.5877647491,6.20216969427,0.0594832747039,0.0,-0.820241833344,-0.588389570001,6.33051155563,-0.108312082276,0.0304876938939,0.0,414.5055748438676,414.2287361365346,415.0192016457076,416.2254956967848
4.739999999999987,-1.12214199969,-0.851925349448,30.9696744995,6.19570436345,0.0612854159281,0.0,-0.860202689654,-0.643204480169,6.39932040492,-0.106665906316,0.0291161524301,0.0,465.9820737973572,465.87506189457866,465.4282224522163,465.54744041834726
4.799999999999986,-1.17490999184,-0.892161135107,31.3544600289,6.18929369629,0.0644750382429,0.0,-0.898966897331,-0.698553344161,6.42659085274,-0.107203648219,0.0798168551548,0.0,451.37161215870634,455.4472256333821,454.546027789517,454.49318695898125
4.859999999999984,-1.22989157445,-0.935574522232,31.7381234819,6.18285988135,0.0688086846525,0.0,-0.93413639485,-0.74908682909,6.36242197651,-0.107283457209,0.0492973755858,0.0,426.4585817084793,423.84702826373353,425.19504945269426,425.17754639570524
4.919999999999983,-1.28726835877,-0.982443704406,32.1210926228,6.17635696838,0.0719483459204,0.0,-0.978692824969,-0.813790649211,6.40284040928,-0.110672481262,0.0577857887938,0.0,458.1119645881921,458.7882458502086,458.06933001978325,457.7897171686316
4.979999999999982,-1.34730662253,-1.03320785667,32.5054556233,6.17012316039,0.0756431319357,0.0,-1.02289688701,-0.87889940488,6.40906541518,-0.0929675448746,0.0682517716953,0.0,447.8923393268024,448.7455743441229,447.5673175408335,448.99683412866375
5.0399999999999805,-1.40996337765,-1.08783278591,32.888837129,6.16489113325,0.0800813195486,0.0,-1.06602756144,-0.942385242908,6.37037879294,-0.0776329129357,0.0834701602545,0.0,434.55245948416547,435.830919006341,432.74630703390324,434.028886813813
